12457000000
15427000011
12457000011
12475960011
76539128402
26578000011
14253000011
15473289602
14253000011
15487000000
12457000011
95361820011
53642891712
12654800001
13529000011
15487000011
12589000011
15487000000
45218900010
15794000000
35689000000
57892000000
46258793010
53248000000
45263810000
45268971010
35962810011
12986357411
12457000000
13649852702
36587000011
12569000011
42617589010
13569000011
24865000011
18965247302
98541000011
13652487010
14536987211
76358914001
13985000011
68921450011
